! Date  2026-06-18
!
! Number of variables            =  236
! Number of equations            =  265440
! DLARS code for LASSO used
! DLARS alpha = 1.0000e-07
! DLARS run: srun -N 1 -n 8 /usr/WS2/lindsey11/dftb_tests/chimes_lsq/build/../contrib/dlars/src/dlars A.txt b_comb.txt dim.txt --lambda=1e-07 --split_files --algorithm=lasso --weights=weights_comb.dat --normalize=y >& dlars.log

! RMSE                           =  3.2257e+01
! max abs variable               =  1.5227e+03
! number of fitting vars         =  225
! Bayesian Information Criterion =  1.8469e+06
! Using weighting file:             weights_comb.dat
!
USECOUL: false
FITCOUL: false
USE3BCH: true
USE4BCH: false
EXCLD1B: false
EXCLD2B: false

PAIRTYP: CHEBYSHEV  25 10 0 -1 1

ATOM TYPES: 1

# TYPEIDX #	# ATM_TYP #	# ATMCHRG #	# ATMMASS #
0		N		0		14.0067

ATOM PAIRS: 1

# PAIRIDX #	# ATM_TY1 #	# ATM_TY1 #	# S_MINIM #	# S_MAXIM #	# CHBDIST #	# MORSE_LAMBDA #
	0               N               N               0.93            3               MORSE           1.09            

FCUT TYPE: TERSOFF 0.75

SPECIAL 3B S_MAXIM: SPECIFIC 1
NNNNNN NN NN NN 3.00000 3.00000 3.00000 

ATOM PAIR TRIPLETS: 1
ATOM PAIR QUADRUPLETS: 0

PAIR CHEBYSHEV PARAMS 

PAIRTYPE PARAMS: 0 N N

  0  -1.4005522471180e+01
  1   2.7840461973580e+01
  2  -1.4180893350140e+01
  3   1.9075649828990e+00
  4  -3.5111808332340e+00
  5   1.3474632848770e+01
  6  -1.6523153244440e+01
  7   1.3451496133010e+01
  8  -8.3276917377590e+00
  9   6.8298714556940e+00
 10  -8.2862922199920e+00
 11   8.6284225226780e+00
 12  -7.6165014507750e+00
 13   6.3620960674840e+00
 14  -4.8380831701030e+00
 15   3.3428212845140e+00
 16  -2.4437255819470e+00
 17   2.0808760424960e+00
 18  -1.8636614823850e+00
 19   1.2685757208760e+00
 20  -5.3230563363460e-01
 21  -4.5685995268420e-02
 22   1.6101425590880e-01
 23  -8.6432092781310e-02
 24   1.0289334856700e-02
 
TRIPLET CHEBYSHEV PARAMS 

TRIPLETTYPE PARAMS:
   INDEX: 0 ATOMS: N N N
   PAIRS: NN NN NN UNIQUE: 210 TOTAL: 972
     index  |  powers  |  equiv index  |  param index  |       parameter       
   ----------------------------------------------------------------------------
      0       0  1  1         0               0          1.5566685448620e+02
      1       1  0  1         0               0          1.5566685448620e+02
      2       1  1  0         0               0          1.5566685448620e+02
      3       0  1  2         3               1          5.0050150223760e+01
      4       1  0  2         3               1          5.0050150223760e+01
      5       0  2  1         3               1          5.0050150223760e+01
      6       2  0  1         3               1          5.0050150223760e+01
      7       1  2  0         3               1          5.0050150223760e+01
      8       2  1  0         3               1          5.0050150223760e+01
      9       0  1  3         9               2         -1.1903592239320e+02
      10      1  0  3         9               2         -1.1903592239320e+02
      11      0  3  1         9               2         -1.1903592239320e+02
      12      3  0  1         9               2         -1.1903592239320e+02
      13      1  3  0         9               2         -1.1903592239320e+02
      14      3  1  0         9               2         -1.1903592239320e+02
      15      0  1  4         15              3         -1.0312009924550e+02
      16      1  0  4         15              3         -1.0312009924550e+02
      17      0  4  1         15              3         -1.0312009924550e+02
      18      4  0  1         15              3         -1.0312009924550e+02
      19      1  4  0         15              3         -1.0312009924550e+02
      20      4  1  0         15              3         -1.0312009924550e+02
      21      0  1  5         21              4          4.0884146463840e+01
      22      1  0  5         21              4          4.0884146463840e+01
      23      0  5  1         21              4          4.0884146463840e+01
      24      5  0  1         21              4          4.0884146463840e+01
      25      1  5  0         21              4          4.0884146463840e+01
      26      5  1  0         21              4          4.0884146463840e+01
      27      0  1  6         27              5          0.0000000000000e+00
      28      1  0  6         27              5          0.0000000000000e+00
      29      0  6  1         27              5          0.0000000000000e+00
      30      6  0  1         27              5          0.0000000000000e+00
      31      1  6  0         27              5          0.0000000000000e+00
      32      6  1  0         27              5          0.0000000000000e+00
      33      0  1  7         33              6          3.2222263664620e+01
      34      1  0  7         33              6          3.2222263664620e+01
      35      0  7  1         33              6          3.2222263664620e+01
      36      7  0  1         33              6          3.2222263664620e+01
      37      1  7  0         33              6          3.2222263664620e+01
      38      7  1  0         33              6          3.2222263664620e+01
      39      0  1  8         39              7         -3.5970785489420e+01
      40      1  0  8         39              7         -3.5970785489420e+01
      41      0  8  1         39              7         -3.5970785489420e+01
      42      8  0  1         39              7         -3.5970785489420e+01
      43      1  8  0         39              7         -3.5970785489420e+01
      44      8  1  0         39              7         -3.5970785489420e+01
      45      0  1  9         45              8          3.0916269301140e+01
      46      1  0  9         45              8          3.0916269301140e+01
      47      0  9  1         45              8          3.0916269301140e+01
      48      9  0  1         45              8          3.0916269301140e+01
      49      1  9  0         45              8          3.0916269301140e+01
      50      9  1  0         45              8          3.0916269301140e+01
      51      0  2  2         51              9         -3.1675406915500e+02
      52      2  0  2         51              9         -3.1675406915500e+02
      53      2  2  0         51              9         -3.1675406915500e+02
      54      0  2  3         54              10         1.4230800682970e+01
      55      2  0  3         54              10         1.4230800682970e+01
      56      0  3  2         54              10         1.4230800682970e+01
      57      3  0  2         54              10         1.4230800682970e+01
      58      2  3  0         54              10         1.4230800682970e+01
      59      3  2  0         54              10         1.4230800682970e+01
      60      0  2  4         60              11        -1.5667654983970e+02
      61      2  0  4         60              11        -1.5667654983970e+02
      62      0  4  2         60              11        -1.5667654983970e+02
      63      4  0  2         60              11        -1.5667654983970e+02
      64      2  4  0         60              11        -1.5667654983970e+02
      65      4  2  0         60              11        -1.5667654983970e+02
      66      0  2  5         66              12         5.4195825652420e+01
      67      2  0  5         66              12         5.4195825652420e+01
      68      0  5  2         66              12         5.4195825652420e+01
      69      5  0  2         66              12         5.4195825652420e+01
      70      2  5  0         66              12         5.4195825652420e+01
      71      5  2  0         66              12         5.4195825652420e+01
      72      0  2  6         72              13        -7.5856120091720e+01
      73      2  0  6         72              13        -7.5856120091720e+01
      74      0  6  2         72              13        -7.5856120091720e+01
      75      6  0  2         72              13        -7.5856120091720e+01
      76      2  6  0         72              13        -7.5856120091720e+01
      77      6  2  0         72              13        -7.5856120091720e+01
      78      0  2  7         78              14         4.0257787638720e+01
      79      2  0  7         78              14         4.0257787638720e+01
      80      0  7  2         78              14         4.0257787638720e+01
      81      7  0  2         78              14         4.0257787638720e+01
      82      2  7  0         78              14         4.0257787638720e+01
      83      7  2  0         78              14         4.0257787638720e+01
      84      0  2  8         84              15         1.2353058891150e+01
      85      2  0  8         84              15         1.2353058891150e+01
      86      0  8  2         84              15         1.2353058891150e+01
      87      8  0  2         84              15         1.2353058891150e+01
      88      2  8  0         84              15         1.2353058891150e+01
      89      8  2  0         84              15         1.2353058891150e+01
      90      0  2  9         90              16         7.9766009837730e+00
      91      2  0  9         90              16         7.9766009837730e+00
      92      0  9  2         90              16         7.9766009837730e+00
      93      9  0  2         90              16         7.9766009837730e+00
      94      2  9  0         90              16         7.9766009837730e+00
      95      9  2  0         90              16         7.9766009837730e+00
      96      0  3  3         96              17        -2.0233823684520e+02
      97      3  0  3         96              17        -2.0233823684520e+02
      98      3  3  0         96              17        -2.0233823684520e+02
      99      0  3  4         99              18        -3.1171710509120e+01
      100     3  0  4         99              18        -3.1171710509120e+01
      101     0  4  3         99              18        -3.1171710509120e+01
      102     4  0  3         99              18        -3.1171710509120e+01
      103     3  4  0         99              18        -3.1171710509120e+01
      104     4  3  0         99              18        -3.1171710509120e+01
      105     0  3  5         105             19         0.0000000000000e+00
      106     3  0  5         105             19         0.0000000000000e+00
      107     0  5  3         105             19         0.0000000000000e+00
      108     5  0  3         105             19         0.0000000000000e+00
      109     3  5  0         105             19         0.0000000000000e+00
      110     5  3  0         105             19         0.0000000000000e+00
      111     0  3  6         111             20         2.5653470197010e+01
      112     3  0  6         111             20         2.5653470197010e+01
      113     0  6  3         111             20         2.5653470197010e+01
      114     6  0  3         111             20         2.5653470197010e+01
      115     3  6  0         111             20         2.5653470197010e+01
      116     6  3  0         111             20         2.5653470197010e+01
      117     0  3  7         117             21        -6.1563291869700e-01
      118     3  0  7         117             21        -6.1563291869700e-01
      119     0  7  3         117             21        -6.1563291869700e-01
      120     7  0  3         117             21        -6.1563291869700e-01
      121     3  7  0         117             21        -6.1563291869700e-01
      122     7  3  0         117             21        -6.1563291869700e-01
      123     0  3  8         123             22        -9.3614896490070e+00
      124     3  0  8         123             22        -9.3614896490070e+00
      125     0  8  3         123             22        -9.3614896490070e+00
      126     8  0  3         123             22        -9.3614896490070e+00
      127     3  8  0         123             22        -9.3614896490070e+00
      128     8  3  0         123             22        -9.3614896490070e+00
      129     0  3  9         129             23         1.7911872954390e+01
      130     3  0  9         129             23         1.7911872954390e+01
      131     0  9  3         129             23         1.7911872954390e+01
      132     9  0  3         129             23         1.7911872954390e+01
      133     3  9  0         129             23         1.7911872954390e+01
      134     9  3  0         129             23         1.7911872954390e+01
      135     0  4  4         135             24         1.7279012206230e+01
      136     4  0  4         135             24         1.7279012206230e+01
      137     4  4  0         135             24         1.7279012206230e+01
      138     0  4  5         138             25        -5.9548845401180e+00
      139     4  0  5         138             25        -5.9548845401180e+00
      140     0  5  4         138             25        -5.9548845401180e+00
      141     5  0  4         138             25        -5.9548845401180e+00
      142     4  5  0         138             25        -5.9548845401180e+00
      143     5  4  0         138             25        -5.9548845401180e+00
      144     0  4  6         144             26         2.9737186133630e+00
      145     4  0  6         144             26         2.9737186133630e+00
      146     0  6  4         144             26         2.9737186133630e+00
      147     6  0  4         144             26         2.9737186133630e+00
      148     4  6  0         144             26         2.9737186133630e+00
      149     6  4  0         144             26         2.9737186133630e+00
      150     0  4  7         150             27        -2.6887319600440e+00
      151     4  0  7         150             27        -2.6887319600440e+00
      152     0  7  4         150             27        -2.6887319600440e+00
      153     7  0  4         150             27        -2.6887319600440e+00
      154     4  7  0         150             27        -2.6887319600440e+00
      155     7  4  0         150             27        -2.6887319600440e+00
      156     0  4  8         156             28         3.7636225457950e+01
      157     4  0  8         156             28         3.7636225457950e+01
      158     0  8  4         156             28         3.7636225457950e+01
      159     8  0  4         156             28         3.7636225457950e+01
      160     4  8  0         156             28         3.7636225457950e+01
      161     8  4  0         156             28         3.7636225457950e+01
      162     0  4  9         162             29         0.0000000000000e+00
      163     4  0  9         162             29         0.0000000000000e+00
      164     0  9  4         162             29         0.0000000000000e+00
      165     9  0  4         162             29         0.0000000000000e+00
      166     4  9  0         162             29         0.0000000000000e+00
      167     9  4  0         162             29         0.0000000000000e+00
      168     0  5  5         168             30         4.9061267329810e+01
      169     5  0  5         168             30         4.9061267329810e+01
      170     5  5  0         168             30         4.9061267329810e+01
      171     0  5  6         171             31        -1.1666957221220e+01
      172     5  0  6         171             31        -1.1666957221220e+01
      173     0  6  5         171             31        -1.1666957221220e+01
      174     6  0  5         171             31        -1.1666957221220e+01
      175     5  6  0         171             31        -1.1666957221220e+01
      176     6  5  0         171             31        -1.1666957221220e+01
      177     0  5  7         177             32         2.6343406660570e+00
      178     5  0  7         177             32         2.6343406660570e+00
      179     0  7  5         177             32         2.6343406660570e+00
      180     7  0  5         177             32         2.6343406660570e+00
      181     5  7  0         177             32         2.6343406660570e+00
      182     7  5  0         177             32         2.6343406660570e+00
      183     0  5  8         183             33        -3.2767872324970e+01
      184     5  0  8         183             33        -3.2767872324970e+01
      185     0  8  5         183             33        -3.2767872324970e+01
      186     8  0  5         183             33        -3.2767872324970e+01
      187     5  8  0         183             33        -3.2767872324970e+01
      188     8  5  0         183             33        -3.2767872324970e+01
      189     0  5  9         189             34         8.3524465441520e+00
      190     5  0  9         189             34         8.3524465441520e+00
      191     0  9  5         189             34         8.3524465441520e+00
      192     9  0  5         189             34         8.3524465441520e+00
      193     5  9  0         189             34         8.3524465441520e+00
      194     9  5  0         189             34         8.3524465441520e+00
      195     0  6  6         195             35        -1.8527397129440e+01
      196     6  0  6         195             35        -1.8527397129440e+01
      197     6  6  0         195             35        -1.8527397129440e+01
      198     0  6  7         198             36        -8.9767800503050e+00
      199     6  0  7         198             36        -8.9767800503050e+00
      200     0  7  6         198             36        -8.9767800503050e+00
      201     7  0  6         198             36        -8.9767800503050e+00
      202     6  7  0         198             36        -8.9767800503050e+00
      203     7  6  0         198             36        -8.9767800503050e+00
      204     0  6  8         204             37         8.5582244636360e+00
      205     6  0  8         204             37         8.5582244636360e+00
      206     0  8  6         204             37         8.5582244636360e+00
      207     8  0  6         204             37         8.5582244636360e+00
      208     6  8  0         204             37         8.5582244636360e+00
      209     8  6  0         204             37         8.5582244636360e+00
      210     0  6  9         210             38        -8.6697626374870e-01
      211     6  0  9         210             38        -8.6697626374870e-01
      212     0  9  6         210             38        -8.6697626374870e-01
      213     9  0  6         210             38        -8.6697626374870e-01
      214     6  9  0         210             38        -8.6697626374870e-01
      215     9  6  0         210             38        -8.6697626374870e-01
      216     0  7  7         216             39        -2.4095583773880e+01
      217     7  0  7         216             39        -2.4095583773880e+01
      218     7  7  0         216             39        -2.4095583773880e+01
      219     0  7  8         219             40        -2.5356220849540e+01
      220     7  0  8         219             40        -2.5356220849540e+01
      221     0  8  7         219             40        -2.5356220849540e+01
      222     8  0  7         219             40        -2.5356220849540e+01
      223     7  8  0         219             40        -2.5356220849540e+01
      224     8  7  0         219             40        -2.5356220849540e+01
      225     0  7  9         225             41        -8.2267641197180e+00
      226     7  0  9         225             41        -8.2267641197180e+00
      227     0  9  7         225             41        -8.2267641197180e+00
      228     9  0  7         225             41        -8.2267641197180e+00
      229     7  9  0         225             41        -8.2267641197180e+00
      230     9  7  0         225             41        -8.2267641197180e+00
      231     0  8  8         231             42         5.2241597603600e+00
      232     8  0  8         231             42         5.2241597603600e+00
      233     8  8  0         231             42         5.2241597603600e+00
      234     0  8  9         234             43        -8.7289828955330e+00
      235     8  0  9         234             43        -8.7289828955330e+00
      236     0  9  8         234             43        -8.7289828955330e+00
      237     9  0  8         234             43        -8.7289828955330e+00
      238     8  9  0         234             43        -8.7289828955330e+00
      239     9  8  0         234             43        -8.7289828955330e+00
      240     0  9  9         240             44        -5.0834177877580e+00
      241     9  0  9         240             44        -5.0834177877580e+00
      242     9  9  0         240             44        -5.0834177877580e+00
      243     1  1  1         243             45        -1.5227386069900e+03
      244     1  1  2         244             46         5.5432658087010e+02
      245     1  2  1         244             46         5.5432658087010e+02
      246     2  1  1         244             46         5.5432658087010e+02
      247     1  1  3         247             47         0.0000000000000e+00
      248     1  3  1         247             47         0.0000000000000e+00
      249     3  1  1         247             47         0.0000000000000e+00
      250     1  1  4         250             48         5.4449392823870e+02
      251     1  4  1         250             48         5.4449392823870e+02
      252     4  1  1         250             48         5.4449392823870e+02
      253     1  1  5         253             49        -3.3889395251730e+02
      254     1  5  1         253             49        -3.3889395251730e+02
      255     5  1  1         253             49        -3.3889395251730e+02
      256     1  1  6         256             50        -2.5126616987260e+01
      257     1  6  1         256             50        -2.5126616987260e+01
      258     6  1  1         256             50        -2.5126616987260e+01
      259     1  1  7         259             51         4.7941924672020e+01
      260     1  7  1         259             51         4.7941924672020e+01
      261     7  1  1         259             51         4.7941924672020e+01
      262     1  1  8         262             52         2.0223349550760e+02
      263     1  8  1         262             52         2.0223349550760e+02
      264     8  1  1         262             52         2.0223349550760e+02
      265     1  1  9         265             53        -1.9790903421400e+01
      266     1  9  1         265             53        -1.9790903421400e+01
      267     9  1  1         265             53        -1.9790903421400e+01
      268     1  2  2         268             54         3.6072849648170e+02
      269     2  1  2         268             54         3.6072849648170e+02
      270     2  2  1         268             54         3.6072849648170e+02
      271     1  2  3         271             55        -1.4549618408560e+01
      272     2  1  3         271             55        -1.4549618408560e+01
      273     1  3  2         271             55        -1.4549618408560e+01
      274     3  1  2         271             55        -1.4549618408560e+01
      275     2  3  1         271             55        -1.4549618408560e+01
      276     3  2  1         271             55        -1.4549618408560e+01
      277     1  2  4         277             56        -9.5165688761910e+01
      278     2  1  4         277             56        -9.5165688761910e+01
      279     1  4  2         277             56        -9.5165688761910e+01
      280     4  1  2         277             56        -9.5165688761910e+01
      281     2  4  1         277             56        -9.5165688761910e+01
      282     4  2  1         277             56        -9.5165688761910e+01
      283     1  2  5         283             57         1.0561934195110e+02
      284     2  1  5         283             57         1.0561934195110e+02
      285     1  5  2         283             57         1.0561934195110e+02
      286     5  1  2         283             57         1.0561934195110e+02
      287     2  5  1         283             57         1.0561934195110e+02
      288     5  2  1         283             57         1.0561934195110e+02
      289     1  2  6         289             58         5.8020982569250e+01
      290     2  1  6         289             58         5.8020982569250e+01
      291     1  6  2         289             58         5.8020982569250e+01
      292     6  1  2         289             58         5.8020982569250e+01
      293     2  6  1         289             58         5.8020982569250e+01
      294     6  2  1         289             58         5.8020982569250e+01
      295     1  2  7         295             59         1.9147276559290e+01
      296     2  1  7         295             59         1.9147276559290e+01
      297     1  7  2         295             59         1.9147276559290e+01
      298     7  1  2         295             59         1.9147276559290e+01
      299     2  7  1         295             59         1.9147276559290e+01
      300     7  2  1         295             59         1.9147276559290e+01
      301     1  2  8         301             60        -7.7193847266900e+01
      302     2  1  8         301             60        -7.7193847266900e+01
      303     1  8  2         301             60        -7.7193847266900e+01
      304     8  1  2         301             60        -7.7193847266900e+01
      305     2  8  1         301             60        -7.7193847266900e+01
      306     8  2  1         301             60        -7.7193847266900e+01
      307     1  2  9         307             61         5.2058063147350e+01
      308     2  1  9         307             61         5.2058063147350e+01
      309     1  9  2         307             61         5.2058063147350e+01
      310     9  1  2         307             61         5.2058063147350e+01
      311     2  9  1         307             61         5.2058063147350e+01
      312     9  2  1         307             61         5.2058063147350e+01
      313     1  3  3         313             62         6.7604945791380e+02
      314     3  1  3         313             62         6.7604945791380e+02
      315     3  3  1         313             62         6.7604945791380e+02
      316     1  3  4         316             63         0.0000000000000e+00
      317     3  1  4         316             63         0.0000000000000e+00
      318     1  4  3         316             63         0.0000000000000e+00
      319     4  1  3         316             63         0.0000000000000e+00
      320     3  4  1         316             63         0.0000000000000e+00
      321     4  3  1         316             63         0.0000000000000e+00
      322     1  3  5         322             64         0.0000000000000e+00
      323     3  1  5         322             64         0.0000000000000e+00
      324     1  5  3         322             64         0.0000000000000e+00
      325     5  1  3         322             64         0.0000000000000e+00
      326     3  5  1         322             64         0.0000000000000e+00
      327     5  3  1         322             64         0.0000000000000e+00
      328     1  3  6         328             65        -2.0498065580430e+02
      329     3  1  6         328             65        -2.0498065580430e+02
      330     1  6  3         328             65        -2.0498065580430e+02
      331     6  1  3         328             65        -2.0498065580430e+02
      332     3  6  1         328             65        -2.0498065580430e+02
      333     6  3  1         328             65        -2.0498065580430e+02
      334     1  3  7         334             66         1.1184103159490e+02
      335     3  1  7         334             66         1.1184103159490e+02
      336     1  7  3         334             66         1.1184103159490e+02
      337     7  1  3         334             66         1.1184103159490e+02
      338     3  7  1         334             66         1.1184103159490e+02
      339     7  3  1         334             66         1.1184103159490e+02
      340     1  3  8         340             67         6.4537054573200e+01
      341     3  1  8         340             67         6.4537054573200e+01
      342     1  8  3         340             67         6.4537054573200e+01
      343     8  1  3         340             67         6.4537054573200e+01
      344     3  8  1         340             67         6.4537054573200e+01
      345     8  3  1         340             67         6.4537054573200e+01
      346     1  3  9         346             68        -1.1647577035950e+01
      347     3  1  9         346             68        -1.1647577035950e+01
      348     1  9  3         346             68        -1.1647577035950e+01
      349     9  1  3         346             68        -1.1647577035950e+01
      350     3  9  1         346             68        -1.1647577035950e+01
      351     9  3  1         346             68        -1.1647577035950e+01
      352     1  4  4         352             69        -3.8289022220020e+02
      353     4  1  4         352             69        -3.8289022220020e+02
      354     4  4  1         352             69        -3.8289022220020e+02
      355     1  4  5         355             70         9.8500066478760e+01
      356     4  1  5         355             70         9.8500066478760e+01
      357     1  5  4         355             70         9.8500066478760e+01
      358     5  1  4         355             70         9.8500066478760e+01
      359     4  5  1         355             70         9.8500066478760e+01
      360     5  4  1         355             70         9.8500066478760e+01
      361     1  4  6         361             71        -8.1220981149630e+01
      362     4  1  6         361             71        -8.1220981149630e+01
      363     1  6  4         361             71        -8.1220981149630e+01
      364     6  1  4         361             71        -8.1220981149630e+01
      365     4  6  1         361             71        -8.1220981149630e+01
      366     6  4  1         361             71        -8.1220981149630e+01
      367     1  4  7         367             72         4.3472128425930e+01
      368     4  1  7         367             72         4.3472128425930e+01
      369     1  7  4         367             72         4.3472128425930e+01
      370     7  1  4         367             72         4.3472128425930e+01
      371     4  7  1         367             72         4.3472128425930e+01
      372     7  4  1         367             72         4.3472128425930e+01
      373     1  4  8         373             73        -8.7549189826650e+01
      374     4  1  8         373             73        -8.7549189826650e+01
      375     1  8  4         373             73        -8.7549189826650e+01
      376     8  1  4         373             73        -8.7549189826650e+01
      377     4  8  1         373             73        -8.7549189826650e+01
      378     8  4  1         373             73        -8.7549189826650e+01
      379     1  4  9         379             74         4.9534686507920e+01
      380     4  1  9         379             74         4.9534686507920e+01
      381     1  9  4         379             74         4.9534686507920e+01
      382     9  1  4         379             74         4.9534686507920e+01
      383     4  9  1         379             74         4.9534686507920e+01
      384     9  4  1         379             74         4.9534686507920e+01
      385     1  5  5         385             75        -2.3439338263620e+02
      386     5  1  5         385             75        -2.3439338263620e+02
      387     5  5  1         385             75        -2.3439338263620e+02
      388     1  5  6         388             76        -2.4922331517230e+01
      389     5  1  6         388             76        -2.4922331517230e+01
      390     1  6  5         388             76        -2.4922331517230e+01
      391     6  1  5         388             76        -2.4922331517230e+01
      392     5  6  1         388             76        -2.4922331517230e+01
      393     6  5  1         388             76        -2.4922331517230e+01
      394     1  5  7         394             77        -3.2829628734860e+01
      395     5  1  7         394             77        -3.2829628734860e+01
      396     1  7  5         394             77        -3.2829628734860e+01
      397     7  1  5         394             77        -3.2829628734860e+01
      398     5  7  1         394             77        -3.2829628734860e+01
      399     7  5  1         394             77        -3.2829628734860e+01
      400     1  5  8         400             78         6.8345620152950e+01
      401     5  1  8         400             78         6.8345620152950e+01
      402     1  8  5         400             78         6.8345620152950e+01
      403     8  1  5         400             78         6.8345620152950e+01
      404     5  8  1         400             78         6.8345620152950e+01
      405     8  5  1         400             78         6.8345620152950e+01
      406     1  5  9         406             79        -3.1288488059200e+01
      407     5  1  9         406             79        -3.1288488059200e+01
      408     1  9  5         406             79        -3.1288488059200e+01
      409     9  1  5         406             79        -3.1288488059200e+01
      410     5  9  1         406             79        -3.1288488059200e+01
      411     9  5  1         406             79        -3.1288488059200e+01
      412     1  6  6         412             80         3.4555790369510e+01
      413     6  1  6         412             80         3.4555790369510e+01
      414     6  6  1         412             80         3.4555790369510e+01
      415     1  6  7         415             81         0.0000000000000e+00
      416     6  1  7         415             81         0.0000000000000e+00
      417     1  7  6         415             81         0.0000000000000e+00
      418     7  1  6         415             81         0.0000000000000e+00
      419     6  7  1         415             81         0.0000000000000e+00
      420     7  6  1         415             81         0.0000000000000e+00
      421     1  6  8         421             82        -5.4587536964210e+00
      422     6  1  8         421             82        -5.4587536964210e+00
      423     1  8  6         421             82        -5.4587536964210e+00
      424     8  1  6         421             82        -5.4587536964210e+00
      425     6  8  1         421             82        -5.4587536964210e+00
      426     8  6  1         421             82        -5.4587536964210e+00
      427     1  6  9         427             83         1.9160627941150e+01
      428     6  1  9         427             83         1.9160627941150e+01
      429     1  9  6         427             83         1.9160627941150e+01
      430     9  1  6         427             83         1.9160627941150e+01
      431     6  9  1         427             83         1.9160627941150e+01
      432     9  6  1         427             83         1.9160627941150e+01
      433     1  7  7         433             84         1.7229017512750e+01
      434     7  1  7         433             84         1.7229017512750e+01
      435     7  7  1         433             84         1.7229017512750e+01
      436     1  7  8         436             85         3.8315172304630e+01
      437     7  1  8         436             85         3.8315172304630e+01
      438     1  8  7         436             85         3.8315172304630e+01
      439     8  1  7         436             85         3.8315172304630e+01
      440     7  8  1         436             85         3.8315172304630e+01
      441     8  7  1         436             85         3.8315172304630e+01
      442     1  7  9         442             86        -1.6548192047990e+00
      443     7  1  9         442             86        -1.6548192047990e+00
      444     1  9  7         442             86        -1.6548192047990e+00
      445     9  1  7         442             86        -1.6548192047990e+00
      446     7  9  1         442             86        -1.6548192047990e+00
      447     9  7  1         442             86        -1.6548192047990e+00
      448     1  8  8         448             87         1.8441874107060e+00
      449     8  1  8         448             87         1.8441874107060e+00
      450     8  8  1         448             87         1.8441874107060e+00
      451     1  8  9         451             88         1.6696788734150e+01
      452     8  1  9         451             88         1.6696788734150e+01
      453     1  9  8         451             88         1.6696788734150e+01
      454     9  1  8         451             88         1.6696788734150e+01
      455     8  9  1         451             88         1.6696788734150e+01
      456     9  8  1         451             88         1.6696788734150e+01
      457     1  9  9         457             89         2.0569912702820e+00
      458     9  1  9         457             89         2.0569912702820e+00
      459     9  9  1         457             89         2.0569912702820e+00
      460     2  2  2         460             90        -1.3726091470440e+03
      461     2  2  3         461             91         2.5236209763460e+02
      462     2  3  2         461             91         2.5236209763460e+02
      463     3  2  2         461             91         2.5236209763460e+02
      464     2  2  4         464             92        -7.0115299768790e+02
      465     2  4  2         464             92        -7.0115299768790e+02
      466     4  2  2         464             92        -7.0115299768790e+02
      467     2  2  5         467             93         2.9933526876520e+02
      468     2  5  2         467             93         2.9933526876520e+02
      469     5  2  2         467             93         2.9933526876520e+02
      470     2  2  6         470             94        -3.3192928966650e+02
      471     2  6  2         470             94        -3.3192928966650e+02
      472     6  2  2         470             94        -3.3192928966650e+02
      473     2  2  7         473             95         1.8498660239420e+02
      474     2  7  2         473             95         1.8498660239420e+02
      475     7  2  2         473             95         1.8498660239420e+02
      476     2  2  8         476             96         1.1269289074210e+01
      477     2  8  2         476             96         1.1269289074210e+01
      478     8  2  2         476             96         1.1269289074210e+01
      479     2  2  9         479             97         3.6502345443720e+01
      480     2  9  2         479             97         3.6502345443720e+01
      481     9  2  2         479             97         3.6502345443720e+01
      482     2  3  3         482             98        -2.1737593690150e+02
      483     3  2  3         482             98        -2.1737593690150e+02
      484     3  3  2         482             98        -2.1737593690150e+02
      485     2  3  4         485             99         2.5797910731220e+01
      486     3  2  4         485             99         2.5797910731220e+01
      487     2  4  3         485             99         2.5797910731220e+01
      488     4  2  3         485             99         2.5797910731220e+01
      489     3  4  2         485             99         2.5797910731220e+01
      490     4  3  2         485             99         2.5797910731220e+01
      491     2  3  5         491             100        9.7787794946630e+00
      492     3  2  5         491             100        9.7787794946630e+00
      493     2  5  3         491             100        9.7787794946630e+00
      494     5  2  3         491             100        9.7787794946630e+00
      495     3  5  2         491             100        9.7787794946630e+00
      496     5  3  2         491             100        9.7787794946630e+00
      497     2  3  6         497             101        9.7596763693900e+01
      498     3  2  6         497             101        9.7596763693900e+01
      499     2  6  3         497             101        9.7596763693900e+01
      500     6  2  3         497             101        9.7596763693900e+01
      501     3  6  2         497             101        9.7596763693900e+01
      502     6  3  2         497             101        9.7596763693900e+01
      503     2  3  7         503             102       -3.1654634942640e+01
      504     3  2  7         503             102       -3.1654634942640e+01
      505     2  7  3         503             102       -3.1654634942640e+01
      506     7  2  3         503             102       -3.1654634942640e+01
      507     3  7  2         503             102       -3.1654634942640e+01
      508     7  3  2         503             102       -3.1654634942640e+01
      509     2  3  8         509             103       -2.6057037479160e+01
      510     3  2  8         509             103       -2.6057037479160e+01
      511     2  8  3         509             103       -2.6057037479160e+01
      512     8  2  3         509             103       -2.6057037479160e+01
      513     3  8  2         509             103       -2.6057037479160e+01
      514     8  3  2         509             103       -2.6057037479160e+01
      515     2  3  9         515             104        2.7727088545150e+01
      516     3  2  9         515             104        2.7727088545150e+01
      517     2  9  3         515             104        2.7727088545150e+01
      518     9  2  3         515             104        2.7727088545150e+01
      519     3  9  2         515             104        2.7727088545150e+01
      520     9  3  2         515             104        2.7727088545150e+01
      521     2  4  4         521             105       -1.8298638933170e+02
      522     4  2  4         521             105       -1.8298638933170e+02
      523     4  4  2         521             105       -1.8298638933170e+02
      524     2  4  5         524             106        7.5263304515130e+01
      525     4  2  5         524             106        7.5263304515130e+01
      526     2  5  4         524             106        7.5263304515130e+01
      527     5  2  4         524             106        7.5263304515130e+01
      528     4  5  2         524             106        7.5263304515130e+01
      529     5  4  2         524             106        7.5263304515130e+01
      530     2  4  6         530             107       -1.0026898465230e+02
      531     4  2  6         530             107       -1.0026898465230e+02
      532     2  6  4         530             107       -1.0026898465230e+02
      533     6  2  4         530             107       -1.0026898465230e+02
      534     4  6  2         530             107       -1.0026898465230e+02
      535     6  4  2         530             107       -1.0026898465230e+02
      536     2  4  7         536             108        5.5692880713730e+01
      537     4  2  7         536             108        5.5692880713730e+01
      538     2  7  4         536             108        5.5692880713730e+01
      539     7  2  4         536             108        5.5692880713730e+01
      540     4  7  2         536             108        5.5692880713730e+01
      541     7  4  2         536             108        5.5692880713730e+01
      542     2  4  8         542             109        6.0775925306710e+01
      543     4  2  8         542             109        6.0775925306710e+01
      544     2  8  4         542             109        6.0775925306710e+01
      545     8  2  4         542             109        6.0775925306710e+01
      546     4  8  2         542             109        6.0775925306710e+01
      547     8  4  2         542             109        6.0775925306710e+01
      548     2  4  9         548             110        1.0445603989990e+01
      549     4  2  9         548             110        1.0445603989990e+01
      550     2  9  4         548             110        1.0445603989990e+01
      551     9  2  4         548             110        1.0445603989990e+01
      552     4  9  2         548             110        1.0445603989990e+01
      553     9  4  2         548             110        1.0445603989990e+01
      554     2  5  5         554             111        6.0142452642070e+01
      555     5  2  5         554             111        6.0142452642070e+01
      556     5  5  2         554             111        6.0142452642070e+01
      557     2  5  6         557             112        2.8942420006440e+01
      558     5  2  6         557             112        2.8942420006440e+01
      559     2  6  5         557             112        2.8942420006440e+01
      560     6  2  5         557             112        2.8942420006440e+01
      561     5  6  2         557             112        2.8942420006440e+01
      562     6  5  2         557             112        2.8942420006440e+01
      563     2  5  7         563             113       -2.1668293928060e+01
      564     5  2  7         563             113       -2.1668293928060e+01
      565     2  7  5         563             113       -2.1668293928060e+01
      566     7  2  5         563             113       -2.1668293928060e+01
      567     5  7  2         563             113       -2.1668293928060e+01
      568     7  5  2         563             113       -2.1668293928060e+01
      569     2  5  8         569             114       -5.6411917776090e+01
      570     5  2  8         569             114       -5.6411917776090e+01
      571     2  8  5         569             114       -5.6411917776090e+01
      572     8  2  5         569             114       -5.6411917776090e+01
      573     5  8  2         569             114       -5.6411917776090e+01
      574     8  5  2         569             114       -5.6411917776090e+01
      575     2  5  9         575             115        1.1573459173690e+01
      576     5  2  9         575             115        1.1573459173690e+01
      577     2  9  5         575             115        1.1573459173690e+01
      578     9  2  5         575             115        1.1573459173690e+01
      579     5  9  2         575             115        1.1573459173690e+01
      580     9  5  2         575             115        1.1573459173690e+01
      581     2  6  6         581             116       -8.7466801782300e+01
      582     6  2  6         581             116       -8.7466801782300e+01
      583     6  6  2         581             116       -8.7466801782300e+01
      584     2  6  7         584             117        1.7775605040050e+01
      585     6  2  7         584             117        1.7775605040050e+01
      586     2  7  6         584             117        1.7775605040050e+01
      587     7  2  6         584             117        1.7775605040050e+01
      588     6  7  2         584             117        1.7775605040050e+01
      589     7  6  2         584             117        1.7775605040050e+01
      590     2  6  8         590             118        8.7487424621260e+00
      591     6  2  8         590             118        8.7487424621260e+00
      592     2  8  6         590             118        8.7487424621260e+00
      593     8  2  6         590             118        8.7487424621260e+00
      594     6  8  2         590             118        8.7487424621260e+00
      595     8  6  2         590             118        8.7487424621260e+00
      596     2  6  9         596             119        3.8399066919710e+00
      597     6  2  9         596             119        3.8399066919710e+00
      598     2  9  6         596             119        3.8399066919710e+00
      599     9  2  6         596             119        3.8399066919710e+00
      600     6  9  2         596             119        3.8399066919710e+00
      601     9  6  2         596             119        3.8399066919710e+00
      602     2  7  7         602             120       -5.8919412749930e+01
      603     7  2  7         602             120       -5.8919412749930e+01
      604     7  7  2         602             120       -5.8919412749930e+01
      605     2  7  8         605             121       -3.8983446972510e+01
      606     7  2  8         605             121       -3.8983446972510e+01
      607     2  8  7         605             121       -3.8983446972510e+01
      608     8  2  7         605             121       -3.8983446972510e+01
      609     7  8  2         605             121       -3.8983446972510e+01
      610     8  7  2         605             121       -3.8983446972510e+01
      611     2  7  9         611             122       -1.6822543851050e+01
      612     7  2  9         611             122       -1.6822543851050e+01
      613     2  9  7         611             122       -1.6822543851050e+01
      614     9  2  7         611             122       -1.6822543851050e+01
      615     7  9  2         611             122       -1.6822543851050e+01
      616     9  7  2         611             122       -1.6822543851050e+01
      617     2  8  8         617             123        9.5202919452790e+00
      618     8  2  8         617             123        9.5202919452790e+00
      619     8  8  2         617             123        9.5202919452790e+00
      620     2  8  9         620             124       -1.4661838276790e+01
      621     8  2  9         620             124       -1.4661838276790e+01
      622     2  9  8         620             124       -1.4661838276790e+01
      623     9  2  8         620             124       -1.4661838276790e+01
      624     8  9  2         620             124       -1.4661838276790e+01
      625     9  8  2         620             124       -1.4661838276790e+01
      626     2  9  9         626             125       -9.0266494111150e+00
      627     9  2  9         626             125       -9.0266494111150e+00
      628     9  9  2         626             125       -9.0266494111150e+00
      629     3  3  3         629             126        8.9332082458730e+02
      630     3  3  4         630             127       -2.2653068431300e+02
      631     3  4  3         630             127       -2.2653068431300e+02
      632     4  3  3         630             127       -2.2653068431300e+02
      633     3  3  5         633             128        1.4765491499140e+02
      634     3  5  3         633             128        1.4765491499140e+02
      635     5  3  3         633             128        1.4765491499140e+02
      636     3  3  6         636             129       -2.5745011103490e+02
      637     3  6  3         636             129       -2.5745011103490e+02
      638     6  3  3         636             129       -2.5745011103490e+02
      639     3  3  7         639             130        1.2921681405380e+02
      640     3  7  3         639             130        1.2921681405380e+02
      641     7  3  3         639             130        1.2921681405380e+02
      642     3  3  8         642             131       -4.6070347767440e+00
      643     3  8  3         642             131       -4.6070347767440e+00
      644     8  3  3         642             131       -4.6070347767440e+00
      645     3  3  9         645             132       -4.7249388931070e+00
      646     3  9  3         645             132       -4.7249388931070e+00
      647     9  3  3         645             132       -4.7249388931070e+00
      648     3  4  4         648             133       -1.4783712576240e+02
      649     4  3  4         648             133       -1.4783712576240e+02
      650     4  4  3         648             133       -1.4783712576240e+02
      651     3  4  5         651             134       -1.2199800439560e+01
      652     4  3  5         651             134       -1.2199800439560e+01
      653     3  5  4         651             134       -1.2199800439560e+01
      654     5  3  4         651             134       -1.2199800439560e+01
      655     4  5  3         651             134       -1.2199800439560e+01
      656     5  4  3         651             134       -1.2199800439560e+01
      657     3  4  6         657             135        0.0000000000000e+00
      658     4  3  6         657             135        0.0000000000000e+00
      659     3  6  4         657             135        0.0000000000000e+00
      660     6  3  4         657             135        0.0000000000000e+00
      661     4  6  3         657             135        0.0000000000000e+00
      662     6  4  3         657             135        0.0000000000000e+00
      663     3  4  7         663             136       -6.1775446876820e+00
      664     4  3  7         663             136       -6.1775446876820e+00
      665     3  7  4         663             136       -6.1775446876820e+00
      666     7  3  4         663             136       -6.1775446876820e+00
      667     4  7  3         663             136       -6.1775446876820e+00
      668     7  4  3         663             136       -6.1775446876820e+00
      669     3  4  8         669             137       -4.1317744833490e+01
      670     4  3  8         669             137       -4.1317744833490e+01
      671     3  8  4         669             137       -4.1317744833490e+01
      672     8  3  4         669             137       -4.1317744833490e+01
      673     4  8  3         669             137       -4.1317744833490e+01
      674     8  4  3         669             137       -4.1317744833490e+01
      675     3  4  9         675             138        2.7702657233620e+01
      676     4  3  9         675             138        2.7702657233620e+01
      677     3  9  4         675             138        2.7702657233620e+01
      678     9  3  4         675             138        2.7702657233620e+01
      679     4  9  3         675             138        2.7702657233620e+01
      680     9  4  3         675             138        2.7702657233620e+01
      681     3  5  5         681             139       -1.0653202817640e+02
      682     5  3  5         681             139       -1.0653202817640e+02
      683     5  5  3         681             139       -1.0653202817640e+02
      684     3  5  6         684             140       -6.2139064805920e+01
      685     5  3  6         684             140       -6.2139064805920e+01
      686     3  6  5         684             140       -6.2139064805920e+01
      687     6  3  5         684             140       -6.2139064805920e+01
      688     5  6  3         684             140       -6.2139064805920e+01
      689     6  5  3         684             140       -6.2139064805920e+01
      690     3  5  7         690             141        0.0000000000000e+00
      691     5  3  7         690             141        0.0000000000000e+00
      692     3  7  5         690             141        0.0000000000000e+00
      693     7  3  5         690             141        0.0000000000000e+00
      694     5  7  3         690             141        0.0000000000000e+00
      695     7  5  3         690             141        0.0000000000000e+00
      696     3  5  8         696             142        2.7679913574160e+01
      697     5  3  8         696             142        2.7679913574160e+01
      698     3  8  5         696             142        2.7679913574160e+01
      699     8  3  5         696             142        2.7679913574160e+01
      700     5  8  3         696             142        2.7679913574160e+01
      701     8  5  3         696             142        2.7679913574160e+01
      702     3  5  9         702             143       -1.8612436289050e+01
      703     5  3  9         702             143       -1.8612436289050e+01
      704     3  9  5         702             143       -1.8612436289050e+01
      705     9  3  5         702             143       -1.8612436289050e+01
      706     5  9  3         702             143       -1.8612436289050e+01
      707     9  5  3         702             143       -1.8612436289050e+01
      708     3  6  6         708             144        5.1968233658490e+01
      709     6  3  6         708             144        5.1968233658490e+01
      710     6  6  3         708             144        5.1968233658490e+01
      711     3  6  7         711             145       -1.9108855321330e+01
      712     6  3  7         711             145       -1.9108855321330e+01
      713     3  7  6         711             145       -1.9108855321330e+01
      714     7  3  6         711             145       -1.9108855321330e+01
      715     6  7  3         711             145       -1.9108855321330e+01
      716     7  6  3         711             145       -1.9108855321330e+01
      717     3  6  8         717             146        6.2995970187500e+00
      718     6  3  8         717             146        6.2995970187500e+00
      719     3  8  6         717             146        6.2995970187500e+00
      720     8  3  6         717             146        6.2995970187500e+00
      721     6  8  3         717             146        6.2995970187500e+00
      722     8  6  3         717             146        6.2995970187500e+00
      723     3  6  9         723             147        8.7344530790820e+00
      724     6  3  9         723             147        8.7344530790820e+00
      725     3  9  6         723             147        8.7344530790820e+00
      726     9  3  6         723             147        8.7344530790820e+00
      727     6  9  3         723             147        8.7344530790820e+00
      728     9  6  3         723             147        8.7344530790820e+00
      729     3  7  7         729             148        2.3276247085670e+01
      730     7  3  7         729             148        2.3276247085670e+01
      731     7  7  3         729             148        2.3276247085670e+01
      732     3  7  8         732             149        2.0511039452670e+01
      733     7  3  8         732             149        2.0511039452670e+01
      734     3  8  7         732             149        2.0511039452670e+01
      735     8  3  7         732             149        2.0511039452670e+01
      736     7  8  3         732             149        2.0511039452670e+01
      737     8  7  3         732             149        2.0511039452670e+01
      738     3  7  9         738             150        1.5774837594780e+00
      739     7  3  9         738             150        1.5774837594780e+00
      740     3  9  7         738             150        1.5774837594780e+00
      741     9  3  7         738             150        1.5774837594780e+00
      742     7  9  3         738             150        1.5774837594780e+00
      743     9  7  3         738             150        1.5774837594780e+00
      744     3  8  8         744             151        4.3993276525290e+00
      745     8  3  8         744             151        4.3993276525290e+00
      746     8  8  3         744             151        4.3993276525290e+00
      747     3  8  9         747             152        1.0548887171520e+01
      748     8  3  9         747             152        1.0548887171520e+01
      749     3  9  8         747             152        1.0548887171520e+01
      750     9  3  8         747             152        1.0548887171520e+01
      751     8  9  3         747             152        1.0548887171520e+01
      752     9  8  3         747             152        1.0548887171520e+01
      753     3  9  9         753             153        3.0000845938790e+00
      754     9  3  9         753             153        3.0000845938790e+00
      755     9  9  3         753             153        3.0000845938790e+00
      756     4  4  4         756             154        1.0670617882720e+02
      757     4  4  5         757             155       -7.4660025611840e+01
      758     4  5  4         757             155       -7.4660025611840e+01
      759     5  4  4         757             155       -7.4660025611840e+01
      760     4  4  6         760             156        2.1872410177280e+01
      761     4  6  4         760             156        2.1872410177280e+01
      762     6  4  4         760             156        2.1872410177280e+01
      763     4  4  7         763             157       -1.5811379023390e+01
      764     4  7  4         763             157       -1.5811379023390e+01
      765     7  4  4         763             157       -1.5811379023390e+01
      766     4  4  8         766             158        7.1772077417170e+01
      767     4  8  4         766             158        7.1772077417170e+01
      768     8  4  4         766             158        7.1772077417170e+01
      769     4  4  9         769             159       -5.0375486715680e+00
      770     4  9  4         769             159       -5.0375486715680e+00
      771     9  4  4         769             159       -5.0375486715680e+00
      772     4  5  5         772             160        6.0543110325620e+01
      773     5  4  5         772             160        6.0543110325620e+01
      774     5  5  4         772             160        6.0543110325620e+01
      775     4  5  6         775             161       -3.2350639606410e+01
      776     5  4  6         775             161       -3.2350639606410e+01
      777     4  6  5         775             161       -3.2350639606410e+01
      778     6  4  5         775             161       -3.2350639606410e+01
      779     5  6  4         775             161       -3.2350639606410e+01
      780     6  5  4         775             161       -3.2350639606410e+01
      781     4  5  7         781             162        1.0553147553620e+01
      782     5  4  7         781             162        1.0553147553620e+01
      783     4  7  5         781             162        1.0553147553620e+01
      784     7  4  5         781             162        1.0553147553620e+01
      785     5  7  4         781             162        1.0553147553620e+01
      786     7  5  4         781             162        1.0553147553620e+01
      787     4  5  8         787             163       -5.4713832064700e+01
      788     5  4  8         787             163       -5.4713832064700e+01
      789     4  8  5         787             163       -5.4713832064700e+01
      790     8  4  5         787             163       -5.4713832064700e+01
      791     5  8  4         787             163       -5.4713832064700e+01
      792     8  5  4         787             163       -5.4713832064700e+01
      793     4  5  9         793             164        1.6280322716330e+01
      794     5  4  9         793             164        1.6280322716330e+01
      795     4  9  5         793             164        1.6280322716330e+01
      796     9  4  5         793             164        1.6280322716330e+01
      797     5  9  4         793             164        1.6280322716330e+01
      798     9  5  4         793             164        1.6280322716330e+01
      799     4  6  6         799             165       -2.0738788306790e+01
      800     6  4  6         799             165       -2.0738788306790e+01
      801     6  6  4         799             165       -2.0738788306790e+01
      802     4  6  7         802             166       -9.5416119639130e+00
      803     6  4  7         802             166       -9.5416119639130e+00
      804     4  7  6         802             166       -9.5416119639130e+00
      805     7  4  6         802             166       -9.5416119639130e+00
      806     6  7  4         802             166       -9.5416119639130e+00
      807     7  6  4         802             166       -9.5416119639130e+00
      808     4  6  8         808             167        1.8551563914350e+01
      809     6  4  8         808             167        1.8551563914350e+01
      810     4  8  6         808             167        1.8551563914350e+01
      811     8  4  6         808             167        1.8551563914350e+01
      812     6  8  4         808             167        1.8551563914350e+01
      813     8  6  4         808             167        1.8551563914350e+01
      814     4  6  9         814             168       -2.6285937454760e+00
      815     6  4  9         814             168       -2.6285937454760e+00
      816     4  9  6         814             168       -2.6285937454760e+00
      817     9  4  6         814             168       -2.6285937454760e+00
      818     6  9  4         814             168       -2.6285937454760e+00
      819     9  6  4         814             168       -2.6285937454760e+00
      820     4  7  7         820             169       -2.1920610134320e+01
      821     7  4  7         820             169       -2.1920610134320e+01
      822     7  7  4         820             169       -2.1920610134320e+01
      823     4  7  8         823             170       -3.1907758948160e+01
      824     7  4  8         823             170       -3.1907758948160e+01
      825     4  8  7         823             170       -3.1907758948160e+01
      826     8  4  7         823             170       -3.1907758948160e+01
      827     7  8  4         823             170       -3.1907758948160e+01
      828     8  7  4         823             170       -3.1907758948160e+01
      829     4  7  9         829             171       -6.2863643099700e+00
      830     7  4  9         829             171       -6.2863643099700e+00
      831     4  9  7         829             171       -6.2863643099700e+00
      832     9  4  7         829             171       -6.2863643099700e+00
      833     7  9  4         829             171       -6.2863643099700e+00
      834     9  7  4         829             171       -6.2863643099700e+00
      835     4  8  8         835             172        1.0146634135020e+01
      836     8  4  8         835             172        1.0146634135020e+01
      837     8  8  4         835             172        1.0146634135020e+01
      838     4  8  9         838             173       -1.1127429672590e+01
      839     8  4  9         838             173       -1.1127429672590e+01
      840     4  9  8         838             173       -1.1127429672590e+01
      841     9  4  8         838             173       -1.1127429672590e+01
      842     8  9  4         838             173       -1.1127429672590e+01
      843     9  8  4         838             173       -1.1127429672590e+01
      844     4  9  9         844             174       -5.2855114671980e+00
      845     9  4  9         844             174       -5.2855114671980e+00
      846     9  9  4         844             174       -5.2855114671980e+00
      847     5  5  5         847             175       -1.5778953278240e+02
      848     5  5  6         848             176        1.2377344551920e+01
      849     5  6  5         848             176        1.2377344551920e+01
      850     6  5  5         848             176        1.2377344551920e+01
      851     5  5  7         851             177       -3.7615677943010e+01
      852     5  7  5         851             177       -3.7615677943010e+01
      853     7  5  5         851             177       -3.7615677943010e+01
      854     5  5  8         854             178        3.7022276840410e+01
      855     5  8  5         854             178        3.7022276840410e+01
      856     8  5  5         854             178        3.7022276840410e+01
      857     5  5  9         857             179       -1.7856242213380e+01
      858     5  9  5         857             179       -1.7856242213380e+01
      859     9  5  5         857             179       -1.7856242213380e+01
      860     5  6  6         860             180        1.3453475160450e+00
      861     6  5  6         860             180        1.3453475160450e+00
      862     6  6  5         860             180        1.3453475160450e+00
      863     5  6  7         863             181        2.4535381988940e+00
      864     6  5  7         863             181        2.4535381988940e+00
      865     5  7  6         863             181        2.4535381988940e+00
      866     7  5  6         863             181        2.4535381988940e+00
      867     6  7  5         863             181        2.4535381988940e+00
      868     7  6  5         863             181        2.4535381988940e+00
      869     5  6  8         869             182       -1.3576375130960e+01
      870     6  5  8         869             182       -1.3576375130960e+01
      871     5  8  6         869             182       -1.3576375130960e+01
      872     8  5  6         869             182       -1.3576375130960e+01
      873     6  8  5         869             182       -1.3576375130960e+01
      874     8  6  5         869             182       -1.3576375130960e+01
      875     5  6  9         875             183        5.9201734479030e+00
      876     6  5  9         875             183        5.9201734479030e+00
      877     5  9  6         875             183        5.9201734479030e+00
      878     9  5  6         875             183        5.9201734479030e+00
      879     6  9  5         875             183        5.9201734479030e+00
      880     9  6  5         875             183        5.9201734479030e+00
      881     5  7  7         881             184        0.0000000000000e+00
      882     7  5  7         881             184        0.0000000000000e+00
      883     7  7  5         881             184        0.0000000000000e+00
      884     5  7  8         884             185        2.0271077292430e+01
      885     7  5  8         884             185        2.0271077292430e+01
      886     5  8  7         884             185        2.0271077292430e+01
      887     8  5  7         884             185        2.0271077292430e+01
      888     7  8  5         884             185        2.0271077292430e+01
      889     8  7  5         884             185        2.0271077292430e+01
      890     5  7  9         890             186       -5.1315756362700e-01
      891     7  5  9         890             186       -5.1315756362700e-01
      892     5  9  7         890             186       -5.1315756362700e-01
      893     9  5  7         890             186       -5.1315756362700e-01
      894     7  9  5         890             186       -5.1315756362700e-01
      895     9  7  5         890             186       -5.1315756362700e-01
      896     5  8  8         896             187       -5.1024669615870e+00
      897     8  5  8         896             187       -5.1024669615870e+00
      898     8  8  5         896             187       -5.1024669615870e+00
      899     5  8  9         899             188        7.9411380625350e+00
      900     8  5  9         899             188        7.9411380625350e+00
      901     5  9  8         899             188        7.9411380625350e+00
      902     9  5  8         899             188        7.9411380625350e+00
      903     8  9  5         899             188        7.9411380625350e+00
      904     9  8  5         899             188        7.9411380625350e+00
      905     5  9  9         905             189        2.5068741154830e+00
      906     9  5  9         905             189        2.5068741154830e+00
      907     9  9  5         905             189        2.5068741154830e+00
      908     6  6  6         908             190       -2.9334194047610e+01
      909     6  6  7         909             191        1.7596452273060e+00
      910     6  7  6         909             191        1.7596452273060e+00
      911     7  6  6         909             191        1.7596452273060e+00
      912     6  6  8         912             192        0.0000000000000e+00
      913     6  8  6         912             192        0.0000000000000e+00
      914     8  6  6         912             192        0.0000000000000e+00
      915     6  6  9         915             193        9.3945841264320e-01
      916     6  9  6         915             193        9.3945841264320e-01
      917     9  6  6         915             193        9.3945841264320e-01
      918     6  7  7         918             194       -9.2251468651740e+00
      919     7  6  7         918             194       -9.2251468651740e+00
      920     7  7  6         918             194       -9.2251468651740e+00
      921     6  7  8         921             195       -9.6831735983110e+00
      922     7  6  8         921             195       -9.6831735983110e+00
      923     6  8  7         921             195       -9.6831735983110e+00
      924     8  6  7         921             195       -9.6831735983110e+00
      925     7  8  6         921             195       -9.6831735983110e+00
      926     8  7  6         921             195       -9.6831735983110e+00
      927     6  7  9         927             196       -3.3477265503320e+00
      928     7  6  9         927             196       -3.3477265503320e+00
      929     6  9  7         927             196       -3.3477265503320e+00
      930     9  6  7         927             196       -3.3477265503320e+00
      931     7  9  6         927             196       -3.3477265503320e+00
      932     9  7  6         927             196       -3.3477265503320e+00
      933     6  8  8         933             197        1.3422121611340e+00
      934     8  6  8         933             197        1.3422121611340e+00
      935     8  8  6         933             197        1.3422121611340e+00
      936     6  8  9         936             198       -3.5692204267580e+00
      937     8  6  9         936             198       -3.5692204267580e+00
      938     6  9  8         936             198       -3.5692204267580e+00
      939     9  6  8         936             198       -3.5692204267580e+00
      940     8  9  6         936             198       -3.5692204267580e+00
      941     9  8  6         936             198       -3.5692204267580e+00
      942     6  9  9         942             199       -3.1121853351780e+00
      943     9  6  9         942             199       -3.1121853351780e+00
      944     9  9  6         942             199       -3.1121853351780e+00
      945     7  7  7         945             200        8.6016644378690e+00
      946     7  7  8         946             201        8.6762361119220e+00
      947     7  8  7         946             201        8.6762361119220e+00
      948     8  7  7         946             201        8.6762361119220e+00
      949     7  7  9         949             202        4.1857636494690e+00
      950     7  9  7         949             202        4.1857636494690e+00
      951     9  7  7         949             202        4.1857636494690e+00
      952     7  8  8         952             203       -4.6551983230610e+00
      953     8  7  8         952             203       -4.6551983230610e+00
      954     8  8  7         952             203       -4.6551983230610e+00
      955     7  8  9         955             204        2.6534555278470e+00
      956     8  7  9         955             204        2.6534555278470e+00
      957     7  9  8         955             204        2.6534555278470e+00
      958     9  7  8         955             204        2.6534555278470e+00
      959     8  9  7         955             204        2.6534555278470e+00
      960     9  8  7         955             204        2.6534555278470e+00
      961     7  9  9         961             205        3.4459220605830e+00
      962     9  7  9         961             205        3.4459220605830e+00
      963     9  9  7         961             205        3.4459220605830e+00
      964     8  8  8         964             206        4.7064849076310e-01
      965     8  8  9         965             207       -1.7934151521510e+00
      966     8  9  8         965             207       -1.7934151521510e+00
      967     9  8  8         965             207       -1.7934151521510e+00
      968     8  9  9         968             208        1.3396208773500e-01
      969     9  8  9         968             208        1.3396208773500e-01
      970     9  9  8         968             208        1.3396208773500e-01
      971     9  9  9         971             209        2.6891206994830e+00


PAIRMAPS: 1
0 NN

TRIPMAPS: 1
0 NNNNNN

NO ENERGY OFFSETS:  1
ENERGY OFFSET 1   1.2974113845780e+03
ENDFILE
