5.9465 5.801407e+00
0.365828 3.238293e-01
-0.0226003 5.549013e-01
0.365828 3.238293e-01
4.95101 5.277622e+00
0.845109 2.481012e-01
-0.0226003 5.549013e-01
0.845109 2.481012e-01
5.4437 5.583379e+00
5.34834 5.446106e+00
0.0170976 -2.798794e-01
0.655138 -2.028591e-01
0.0170976 -2.798794e-01
6.5729 6.951659e+00
-1.23017 -3.869783e-01
0.655138 -2.028591e-01
-1.23017 -3.869783e-01
5.07311 4.982738e+00
5.87046 5.494905e+00
0.966926 8.808562e-01
0.378937 -1.070082e-01
0.966926 8.808562e-01
5.37692 5.131496e+00
0.12288 6.451421e-01
0.378937 -1.070082e-01
0.12288 6.451421e-01
6.16578 5.649656e+00
6.49825 6.347750e+00
0.341588 3.828867e-01
0.259715 -3.564620e-01
0.341588 3.828867e-01
5.99749 5.859721e+00
-0.969829 8.481586e-02
0.259715 -3.564620e-01
-0.969829 8.481586e-02
6.35295 6.172374e+00
6.18889 6.155251e+00
0.0561225 -1.014845e-02
-1.32072 5.788286e-01
0.0561225 -1.014845e-02
6.07127 6.340774e+00
1.55196 -9.298569e-02
-1.32072 5.788286e-01
1.55196 -9.298569e-02
6.21152 6.641004e+00
5.23976 5.369106e+00
-0.873819 -9.649940e-01
0.310195 1.662145e-01
-0.873819 -9.649940e-01
5.09037 5.241245e+00
0.68993 4.211262e-01
0.310195 1.662145e-01
0.68993 4.211262e-01
6.01198 6.134780e+00
5.97293 5.749551e+00
0.385277 3.297957e-01
-0.33797 -2.808658e-03
0.385277 3.297957e-01
5.37541 5.145465e+00
-0.0741542 -1.886203e-01
-0.33797 -2.808658e-03
-0.0741542 -1.886203e-01
6.78056 6.827425e+00
6.1105 5.836525e+00
-0.107978 -4.904099e-02
-0.00609785 -8.953820e-03
-0.107978 -4.904099e-02
7.00138 6.734883e+00
0.101564 2.063828e-01
-0.00609785 -8.953820e-03
0.101564 2.063828e-01
7.05514 7.213120e+00
6.75458 6.492368e+00
-0.0168093 -2.441972e-01
-0.694115 -5.951789e-01
-0.0168093 -2.441972e-01
5.13757 5.159106e+00
0.776671 6.095482e-01
-0.694115 -5.951789e-01
0.776671 6.095482e-01
5.81986 5.368208e+00
5.96067 6.028624e+00
0.185155 -7.024991e-02
1.16754 4.137462e-01
0.185155 -7.024991e-02
6.34887 5.912724e+00
-0.581948 1.198784e-01
1.16754 4.137462e-01
-0.581948 1.198784e-01
5.64874 5.558458e+00
5.81311 5.852216e+00
-0.733765 -4.277275e-01
-0.917438 5.848514e-01
-0.733765 -4.277275e-01
6.95536 6.918398e+00
1.81376 2.497028e-01
-0.917438 5.848514e-01
1.81376 2.497028e-01
6.54072 6.560773e+00
4.48402 4.419946e+00
0.256007 1.721796e-01
-1.6775 -5.972389e-01
0.256007 1.721796e-01
5.27122 5.176743e+00
1.4219 5.072590e-01
-1.6775 -5.972389e-01
1.4219 5.072590e-01
5.18776 5.181093e+00
6.01538 6.252573e+00
-0.0597863 -1.617617e-01
0.349177 3.074424e-01
-0.0597863 -1.617617e-01
5.95615 6.029676e+00
0.306374 3.116034e-01
0.349177 3.074424e-01
0.306374 3.116034e-01
5.14988 5.105746e+00
4.95532 5.153280e+00
-0.734476 -8.296189e-01
-0.036484 -4.017612e-01
-0.734476 -8.296189e-01
5.90567 5.962469e+00
-0.439611 -1.435845e-01
-0.036484 -4.017612e-01
-0.439611 -1.435845e-01
6.05316 5.688478e+00
6.15389 5.980060e+00
0.671901 6.204026e-01
-0.535039 -9.736802e-02
0.671901 6.204026e-01
6.06534 6.388188e+00
0.293388 1.200777e-01
-0.535039 -9.736802e-02
0.293388 1.200777e-01
5.77195 5.579082e+00
5.39556 5.533728e+00
-0.0508626 1.333085e-01
-0.388079 7.387024e-02
-0.0508626 1.333085e-01
5.02096 5.198446e+00
0.410346 -1.079429e-01
-0.388079 7.387024e-02
0.410346 -1.079429e-01
5.36416 5.243125e+00
5.8556 5.557588e+00
-0.114901 -4.270839e-01
-0.731496 -1.938981e-01
-0.114901 -4.270839e-01
5.41594 5.308857e+00
0.263997 -3.727126e-01
-0.731496 -1.938981e-01
0.263997 -3.727126e-01
5.52393 5.639412e+00
4.57587 4.600973e+00
0.0200245 -6.299565e-02
-0.0515315 1.535602e-01
0.0200245 -6.299565e-02
6.30128 6.202969e+00
0.501977 5.196153e-01
-0.0515315 1.535602e-01
0.501977 5.196153e-01
6.70561 6.694278e+00
6.91862 6.933089e+00
0.295132 3.755169e-01
-1.07872 -1.932262e-01
0.295132 3.755169e-01
6.76702 6.758039e+00
0.686247 -1.693931e-01
-1.07872 -1.932262e-01
0.686247 -1.693931e-01
6.06159 6.170652e+00
6.93869 6.789830e+00
-0.697338 -5.728141e-01
0.889947 -4.444934e-02
-0.697338 -5.728141e-01
5.30596 5.230295e+00
-0.658072 6.919131e-03
0.889947 -4.444934e-02
-0.658072 6.919131e-03
4.98674 5.191800e+00
5.84017 5.680756e+00
0.343192 3.448156e-01
0.635947 3.898843e-01
0.343192 3.448156e-01
4.96452 5.243417e+00
0.0367412 2.529990e-01
0.635947 3.898843e-01
0.0367412 2.529990e-01
5.33075 5.473759e+00
5.67234 5.517841e+00
0.295408 3.549539e-01
0.436806 2.178832e-01
0.295408 3.549539e-01
4.99383 5.193693e+00
0.0922173 2.547244e-01
0.436806 2.178832e-01
0.0922173 2.547244e-01
5.22867 5.360499e+00
5.54 5.398998e+00
0.226375 3.274578e-01
0.333512 1.451780e-01
0.226375 3.274578e-01
5.02709 5.159553e+00
0.121521 2.353217e-01
0.333512 1.451780e-01
0.121521 2.353217e-01
5.2314 5.324134e+00
5.4028 5.294466e+00
0.159933 2.605654e-01
0.235132 1.325678e-01
0.159933 2.605654e-01
5.04946 5.118899e+00
0.181265 2.432205e-01
0.235132 1.325678e-01
0.181265 2.432205e-01
5.18113 5.266972e+00
5.28969 5.198476e+00
0.0781504 1.629837e-01
0.157737 1.358247e-01
0.0781504 1.629837e-01
5.08937 5.082584e+00
0.294301 3.080277e-01
0.157737 1.358247e-01
0.294301 3.080277e-01
5.09247 5.136507e+00
5.20898 5.124268e+00
-0.0145157 5.055775e-02
0.105516 1.380192e-01
-0.0145157 5.055775e-02
5.15453 5.071050e+00
0.438302 4.116535e-01
0.105516 1.380192e-01
0.438302 4.116535e-01
4.98654 4.980530e+00
5.1301 5.076031e+00
-0.122544 -6.625553e-02
0.0897784 1.564800e-01
-0.122544 -6.625553e-02
5.23819 5.133586e+00
0.546167 4.788705e-01
0.0897784 1.564800e-01
0.546167 4.788705e-01
4.93388 4.921139e+00
5.07001 5.061763e+00
-0.215029 -1.692718e-01
0.150856 2.167643e-01
-0.215029 -1.692718e-01
5.33847 5.251900e+00
0.586292 4.920707e-01
0.150856 2.167643e-01
0.586292 4.920707e-01
4.98382 4.967759e+00
5.02562 5.074384e+00
-0.257606 -2.225060e-01
0.238142 2.893510e-01
-0.257606 -2.225060e-01
5.40339 5.356241e+00
0.613673 5.035480e-01
0.238142 2.893510e-01
0.613673 5.035480e-01
5.02722 5.009242e+00
5.02563 5.096278e+00
-0.24083 -2.108254e-01
0.321632 3.592169e-01
-0.24083 -2.108254e-01
5.43565 5.422761e+00
0.628304 5.130964e-01
0.321632 3.592169e-01
0.628304 5.130964e-01
5.07515 5.045352e+00
5.07059 5.119778e+00
-0.179263 -1.486838e-01
0.370142 4.053839e-01
-0.179263 -1.486838e-01
5.4437 5.457597e+00
0.642925 5.087405e-01
0.370142 4.053839e-01
0.642925 5.087405e-01
5.13601 5.110644e+00
5.16358 5.149073e+00
-0.110135 -5.906737e-02
0.358853 3.866099e-01
-0.110135 -5.906737e-02
5.45066 5.474729e+00
0.638916 4.820852e-01
0.358853 3.866099e-01
0.638916 4.820852e-01
5.2097 5.203750e+00
5.33921 5.321180e+00
-0.0489125 -1.270444e-03
0.271869 2.546395e-01
-0.0489125 -1.270444e-03
5.47348 5.519227e+00
0.615177 4.153752e-01
0.271869 2.546395e-01
0.615177 4.153752e-01
5.29205 5.365745e+00
5.74514 5.568164e+00
0.0294073 1.676192e-01
0.0509114 -4.383112e-03
0.0294073 1.676192e-01
5.47364 5.467593e+00
0.451403 1.864245e-01
0.0509114 -4.383112e-03
0.451403 1.864245e-01
5.3329 5.474816e+00
5.97686 5.710712e+00
0.0822238 2.680204e-01
-0.087409 -1.249638e-01
0.0822238 2.680204e-01
5.47906 5.371732e+00
0.334239 6.301421e-02
-0.087409 -1.249638e-01
0.334239 6.301421e-02
5.34201 5.470207e+00
6.15939 5.903546e+00
0.13375 3.263770e-01
-0.193511 -2.273546e-01
0.13375 3.263770e-01
5.47092 5.323492e+00
0.225158 -7.037374e-02
-0.193511 -2.273546e-01
0.225158 -7.037374e-02
5.34117 5.509552e+00
6.24193 6.035318e+00
0.165426 3.543053e-01
-0.244355 -2.825957e-01
0.165426 3.543053e-01
5.45201 5.293695e+00
0.1271 -1.892160e-01
-0.244355 -2.825957e-01
0.1271 -1.892160e-01
5.33053 5.535422e+00
6.25289 6.104645e+00
0.16736 3.411468e-01
-0.235868 -2.765505e-01
0.16736 3.411468e-01
5.41846 5.269981e+00
0.0430785 -2.859427e-01
-0.235868 -2.765505e-01
0.0430785 -2.859427e-01
5.34419 5.536611e+00
6.21044 6.108965e+00
0.138893 2.952725e-01
-0.174972 -2.063043e-01
0.138893 2.952725e-01
5.36379 5.220089e+00
-0.0103476 -3.440666e-01
-0.174972 -2.063043e-01
-0.0103476 -3.440666e-01
5.379 5.510143e+00
6.13697 6.059308e+00
0.115686 2.310462e-01
-0.0775484 -7.033688e-02
0.115686 2.310462e-01
5.27981 5.141789e+00
-0.0547242 -3.796919e-01
-0.0775484 -7.033688e-02
-0.0547242 -3.796919e-01
5.4178 5.487541e+00
5.24141 5.181575e+00
0.032402 1.119733e-01
0.324199 3.606471e-01
0.032402 1.119733e-01
5.47491 5.558118e+00
0.580282 3.130352e-01
0.324199 3.606471e-01
0.580282 3.130352e-01
5.19779 5.368352e+00
4.89228 4.894264e+00
0.121155 2.652827e-01
0.524106 3.540725e-01
0.121155 2.652827e-01
5.45184 5.464961e+00
0.556101 3.462319e-01
0.524106 3.540725e-01
0.556101 3.462319e-01
4.99916 5.221296e+00
5.14982 4.952398e+00
0.202874 3.402669e-01
0.0730103 1.019871e-01
0.202874 3.402669e-01
5.36532 5.398530e+00
0.690348 4.233442e-01
0.0730103 1.019871e-01
0.690348 4.233442e-01
5.11394 5.225917e+00
5.43292 5.315417e+00
0.0743166 2.256690e-01
0.119668 -3.036100e-03
0.0743166 2.256690e-01
5.44551 5.478838e+00
0.593599 3.692103e-01
0.119668 -3.036100e-03
0.593599 3.692103e-01
5.24557 5.405241e+00
5.62082 5.591248e+00
0.474242 5.857158e-01
-0.222096 -1.875784e-01
0.474242 5.857158e-01
4.93255 4.896684e+00
0.110622 -1.908756e-01
-0.222096 -1.875784e-01
0.110622 -1.908756e-01
5.33541 5.418088e+00
5.61618 5.592422e+00
0.472058 5.691314e-01
-0.207593 -1.588353e-01
0.472058 5.691314e-01
4.93425 4.896795e+00
0.0988983 -1.958828e-01
-0.207593 -1.588353e-01
0.0988983 -1.958828e-01
5.3513 5.425494e+00
5.91377 5.952743e+00
0.0829295 -8.868492e-03
0.428666 5.991506e-01
0.0829295 -8.868492e-03
5.41977 5.308725e+00
-0.201881 -4.043556e-01
0.428666 5.991506e-01
-0.201881 -4.043556e-01
4.99894 5.091215e+00
6.00605 6.030111e+00
0.0818713 -1.767932e-02
0.438453 6.105326e-01
0.0818713 -1.767932e-02
5.49632 5.378580e+00
-0.274212 -4.726159e-01
0.438453 6.105326e-01
-0.274212 -4.726159e-01
5.03593 5.174654e+00
5.82387 5.827919e+00
0.449876 3.192534e-01
0.0832086 3.081792e-01
0.449876 3.192534e-01
5.38752 5.341326e+00
-0.29693 -4.858547e-01
0.0832086 3.081792e-01
-0.29693 -4.858547e-01
5.59368 5.778794e+00
6.04849 5.944225e+00
0.325368 2.405373e-01
0.17515 3.689382e-01
0.325368 2.405373e-01
5.51604 5.417655e+00
-0.369866 -5.276638e-01
0.17515 3.689382e-01
-0.369866 -5.276638e-01
5.64523 5.828839e+00
6.576 6.506644e+00
0.160913 -1.938202e-02
0.427149 6.533398e-01
0.160913 -1.938202e-02
5.95538 5.813461e+00
-0.545878 -7.482902e-01
0.427149 6.533398e-01
-0.545878 -7.482902e-01
5.63112 5.786120e+00
8.78083 8.955265e+00
0.712574 5.389001e-01
0.347292 6.548547e-01
0.712574 5.389001e-01
6.41816 6.688942e+00
-0.767781 -8.456149e-01
0.347292 6.548547e-01
-0.767781 -8.456149e-01
8.73492 9.311528e+00
5.609 5.822323e+00
0.474737 1.335685e-01
-0.323296 -3.773568e-02
0.474737 1.335685e-01
6.39726 6.388557e+00
-0.189359 -2.593495e-01
-0.323296 -3.773568e-02
-0.189359 -2.593495e-01
6.63664 7.212470e+00
6.085 6.302174e+00
0.330999 1.378118e-01
-0.372497 -7.070580e-02
0.330999 1.378118e-01
6.42696 6.329043e+00
-0.0784424 -1.897191e-01
-0.372497 -7.070580e-02
-0.0784424 -1.897191e-01
6.04364 6.292433e+00
5.96197 6.292613e+00
0.319699 1.320355e-01
-0.245217 3.955264e-02
0.319699 1.320355e-01
6.3982 6.317778e+00
-0.0128086 -1.215407e-01
-0.245217 3.955264e-02
-0.0128086 -1.215407e-01
6.12351 6.396472e+00
5.93706 6.366633e+00
0.396049 2.981034e-01
-0.0744946 1.653977e-01
0.396049 2.981034e-01
6.33184 6.279206e+00
-0.0206873 -1.765376e-01
-0.0744946 1.653977e-01
-0.0206873 -1.765376e-01
5.94977 6.235409e+00
6.30697 6.546183e+00
0.795383 8.021904e-01
-0.137791 1.479552e-01
0.795383 8.021904e-01
6.04421 5.980510e+00
0.00487054 -3.045597e-01
-0.137791 1.479552e-01
0.00487054 -3.045597e-01
5.14398 5.210642e+00
5.65916 5.830031e+00
0.294826 4.535458e-01
-0.168874 1.231161e-01
0.294826 4.535458e-01
5.5095 5.244152e+00
-0.416047 -6.914212e-01
-0.168874 1.231161e-01
-0.416047 -6.914212e-01
5.48493 5.296642e+00
5.62526 5.991123e+00
-0.238988 2.932750e-02
-0.408227 -1.103118e-01
-0.238988 2.932750e-02
5.67093 5.537450e+00
-0.641299 -6.729444e-01
-0.408227 -1.103118e-01
-0.641299 -6.729444e-01
5.32677 5.393032e+00
5.50254 5.947387e+00
-0.27487 -5.944643e-02
-0.367992 3.795104e-02
-0.27487 -5.944643e-02
5.55231 5.466649e+00
-0.649049 -6.670632e-01
-0.367992 3.795104e-02
-0.649049 -6.670632e-01
5.74655 5.817304e+00
5.86465 5.748524e+00
0.39053 3.285890e-01
0.828501 5.462846e-01
0.39053 3.285890e-01
4.94674 5.259545e+00
-0.0488255 2.046923e-01
0.828501 5.462846e-01
-0.0488255 2.046923e-01
5.58125 5.695051e+00
5.56827 5.295320e+00
0.100656 2.488158e-01
0.0542393 8.316261e-02
0.100656 2.488158e-01
7.39584 7.232381e+00
-0.786814 -7.505876e-01
0.0542393 8.316261e-02
-0.786814 -7.505876e-01
6.80004 6.732747e+00
7.50358 7.158860e+00
-0.578099 -3.738988e-01
-0.898401 -7.508655e-01
-0.578099 -3.738988e-01
7.0898 6.698501e+00
-0.617995 -7.420386e-01
-0.898401 -7.508655e-01
-0.617995 -7.420386e-01
6.66678 6.489721e+00
5.23134 5.123309e+00
-0.0551242 -1.101970e-01
-0.181439 -1.857718e-01
-0.0551242 -1.101970e-01
5.22424 4.668387e+00
-0.524744 -3.368245e-01
-0.181439 -1.857718e-01
-0.524744 -3.368245e-01
5.13905 4.667156e+00
5.77106 5.713151e+00
0.00568779 4.345758e-02
0.628193 4.784050e-01
0.00568779 4.345758e-02
8.15247 8.109945e+00
-0.771026 -6.747125e-01
0.628193 4.784050e-01
-0.771026 -6.747125e-01
6.29202 6.099172e+00
7.55235 7.216936e+00
0.141736 2.889621e-01
-0.0749405 -4.144071e-02
0.141736 2.889621e-01
7.50018 6.740628e+00
-0.427161 -1.295539e-01
-0.0749405 -4.144071e-02
-0.427161 -1.295539e-01
7.07405 6.629558e+00
6.68673 6.081106e+00
1.06384 8.048203e-01
-0.563872 -5.716252e-01
1.06384 8.048203e-01
6.42049 5.656075e+00
0.0683198 9.849621e-02
-0.563872 -5.716252e-01
0.0683198 9.849621e-02
4.73003 4.429023e+00
7.12244 7.082661e+00
-0.926257 -8.896292e-01
0.066171 4.262063e-02
-0.926257 -8.896292e-01
6.8499 6.791587e+00
0.240135 3.690240e-01
0.066171 4.262063e-02
0.240135 3.690240e-01
6.54556 6.465450e+00
5.83909 5.636599e+00
0.189857 1.857014e-01
0.13253 4.548596e-02
0.189857 1.857014e-01
6.52424 6.536466e+00
0.507613 1.719808e-01
0.13253 4.548596e-02
0.507613 1.719808e-01
6.57598 6.537519e+00
6.44642 6.768110e+00
0.209179 1.866066e-01
0.109764 -1.166007e-01
0.209179 1.866066e-01
7.61086 7.517764e+00
-0.0792841 1.658110e-01
0.109764 -1.166007e-01
-0.0792841 1.658110e-01
7.09542 7.097607e+00
5.91825 5.272368e+00
0.140928 2.212591e-01
-0.753688 -7.709927e-01
0.140928 2.212591e-01
6.52282 6.285655e+00
-0.165043 -4.657531e-02
-0.753688 -7.709927e-01
-0.165043 -4.657531e-02
5.7737 5.628530e+00
5.75789 5.988426e+00
0.790634 4.565483e-01
-0.00570232 -3.794414e-02
0.790634 4.565483e-01
5.89746 6.248533e+00
-0.116635 -7.151446e-02
-0.00570232 -3.794414e-02
-0.116635 -7.151446e-02
5.47334 5.514717e+00
5.49902 6.321071e+00
0.234493 1.836204e-01
-0.409374 -2.337661e-01
0.234493 1.836204e-01
6.0798 6.179001e+00
-0.0377679 5.004290e-02
-0.409374 -2.337661e-01
-0.0377679 5.004290e-02
7.06148 7.670777e+00
5.99886 6.027056e+00
-1.05592 -9.398228e-01
0.757714 8.478273e-01
-1.05592 -9.398228e-01
7.02329 6.739811e+00
-0.630224 -6.842568e-01
0.757714 8.478273e-01
-0.630224 -6.842568e-01
7.55157 6.885792e+00
7.5806 8.055868e+00
-0.343491 -2.515100e-01
0.128764 1.879763e-01
-0.343491 -2.515100e-01
7.00233 6.857101e+00
0.70549 4.831705e-01
0.128764 1.879763e-01
0.70549 4.831705e-01
6.95543 6.991153e+00
8.94919 8.726609e+00
-0.471577 -6.671325e-02
-0.60966 -3.746225e-01
-0.471577 -6.671325e-02
6.88663 6.641307e+00
0.359951 5.498475e-01
-0.60966 -3.746225e-01
0.359951 5.498475e-01
7.48224 7.117142e+00
6.58863 6.977673e+00
0.616038 5.565220e-01
0.349417 2.438623e-01
0.616038 5.565220e-01
8.80442 8.562901e+00
-0.0729497 -1.111193e-01
0.349417 2.438623e-01
-0.0729497 -1.111193e-01
7.08908 6.984554e+00
4.48047 4.459229e+00
0.413922 2.912953e-01
0.302942 4.083583e-03
0.413922 2.912953e-01
6.88184 6.614188e+00
-0.177842 -4.111971e-01
0.302942 4.083583e-03
-0.177842 -4.111971e-01
8.73642 8.049198e+00
5.69444 5.366794e+00
0.520439 3.312845e-01
1.30284 1.070966e+00
0.520439 3.312845e-01
5.9085 5.565944e+00
0.2616 3.159096e-01
1.30284 1.070966e+00
0.2616 3.159096e-01
7.19526 6.180649e+00
5.37045 5.276912e+00
-0.668796 -3.931265e-01
-0.549948 -6.736160e-01
-0.668796 -3.931265e-01
7.76597 7.340669e+00
0.886486 8.215208e-01
-0.549948 -6.736160e-01
0.886486 8.215208e-01
6.76834 6.791962e+00
10.5986 1.050328e+01
-0.453273 -2.699463e-01
-1.54794 -1.507665e+00
-0.453273 -2.699463e-01
9.48216 9.796439e+00
-0.00244354 2.170211e-02
-1.54794 -1.507665e+00
-0.00244354 2.170211e-02
7.83921 7.835909e+00
7.85775 7.320428e+00
0.922651 1.331799e+00
0.26943 1.764135e-01
0.922651 1.331799e+00
8.63802 9.050914e+00
-0.24382 -4.724786e-01
0.26943 1.764135e-01
-0.24382 -4.724786e-01
8.14365 8.008356e+00
7.01976 7.763241e+00
0.395925 5.369488e-01
0.100958 3.857494e-02
0.395925 5.369488e-01
6.34069 6.435364e+00
-0.291645 -3.725968e-01
0.100958 3.857494e-02
-0.291645 -3.725968e-01
6.20823 6.583064e+00
7.64631 7.781484e+00
-0.704996 -3.996659e-01
-0.634668 -9.007467e-01
-0.704996 -3.996659e-01
6.94011 6.818169e+00
-0.455698 -5.180092e-01
-0.634668 -9.007467e-01
-0.455698 -5.180092e-01
5.92604 6.292032e+00
7.83762 8.215802e+00
1.16228 1.018834e+00
-0.239685 -3.525942e-01
1.16228 1.018834e+00
6.0521 6.311074e+00
0.263221 -1.180829e-01
-0.239685 -3.525942e-01
0.263221 -1.180829e-01
6.80587 7.198321e+00
6.04144 6.487321e+00
0.772349 9.042203e-01
-0.635337 -7.011549e-01
0.772349 9.042203e-01
6.38578 6.379472e+00
-0.813831 -8.060010e-01
-0.635337 -7.011549e-01
-0.813831 -8.060010e-01
5.84487 6.576991e+00
6.69796 7.826509e+00
-0.498393 -2.940188e-01
0.560872 4.789971e-01
-0.498393 -2.940188e-01
6.53608 7.269256e+00
-1.2913 -1.081143e+00
0.560872 4.789971e-01
-1.2913 -1.081143e+00
7.03753 7.940778e+00
6.81393 7.458509e+00
1.00517 9.057767e-01
0.204883 7.781014e-02
1.00517 9.057767e-01
5.93225 6.247199e+00
-0.139345 -9.111483e-02
0.204883 7.781014e-02
-0.139345 -9.111483e-02
6.09114 6.476338e+00
7.22488 7.232821e+00
0.576172 7.968890e-01
-0.186942 -2.783471e-01
0.576172 7.968890e-01
5.39558 5.657744e+00
-0.0839094 -7.682624e-03
-0.186942 -2.783471e-01
-0.0839094 -7.682624e-03
7.40914 7.235958e+00
6.74288 7.464509e+00
0.854255 8.900521e-01
0.0330903 2.298415e-02
0.854255 8.900521e-01
6.62837 7.234167e+00
-0.118642 -1.251728e-01
0.0330903 2.298415e-02
-0.118642 -1.251728e-01
6.43745 6.205661e+00
6.90342 6.582763e+00
0.734266 7.826474e-01
0.460906 3.902873e-01
0.734266 7.826474e-01
7.22438 7.204762e+00
1.28888 8.439287e-01
0.460906 3.902873e-01
1.28888 8.439287e-01
6.03257 6.045322e+00
5.76605 6.243961e+00
0.218419 1.668232e-01
-0.498491 -3.047248e-01
0.218419 1.668232e-01
7.00176 7.007422e+00
-0.551409 -5.638897e-01
-0.498491 -3.047248e-01
-0.551409 -5.638897e-01
4.95887 5.418279e+00
6.14154 6.228187e+00
0.420403 3.708313e-01
-0.511199 -6.044739e-01
0.420403 3.708313e-01
7.45933 7.498157e+00
-0.216952 -5.245809e-01
-0.511199 -6.044739e-01
-0.216952 -5.245809e-01
7.62105 7.692659e+00
6.61134 6.766533e+00
0.529422 4.265326e-01
0.122122 8.217784e-02
0.529422 4.265326e-01
7.78272 8.172315e+00
-1.02623 -1.150077e+00
0.122122 8.217784e-02
-1.02623 -1.150077e+00
7.10514 7.285338e+00
7.9696 8.157855e+00
-1.11567 -8.987246e-01
-0.0309952 -1.985613e-01
-1.11567 -8.987246e-01
6.4013 6.829376e+00
0.0372749 6.452784e-02
-0.0309952 -1.985613e-01
0.0372749 6.452784e-02
6.28844 6.186899e+00
6.54991 6.620850e+00
0.450501 5.135580e-01
-0.126343 -1.851238e-01
0.450501 5.135580e-01
8.28652 7.817392e+00
-0.512777 -4.428917e-01
-0.126343 -1.851238e-01
-0.512777 -4.428917e-01
7.18051 6.825162e+00
7.9217 8.348409e+00
0.261542 2.244441e-01
-0.635854 -2.951434e-01
0.261542 2.244441e-01
7.82148 8.428188e+00
0.108113 1.040147e-01
-0.635854 -2.951434e-01
0.108113 1.040147e-01
7.46516 8.259181e+00
7.12212 7.507843e+00
1.1403 1.098774e+00
-0.285831 -4.142892e-01
1.1403 1.098774e+00
8.1346 8.249333e+00
0.509813 4.740515e-01
-0.285831 -4.142892e-01
0.509813 4.740515e-01
6.44299 6.775016e+00
7.18057 7.031738e+00
0.385166 4.223383e-01
0.929229 8.636045e-01
0.385166 4.223383e-01
7.08077 6.983029e+00
0.236715 3.497042e-01
0.929229 8.636045e-01
0.236715 3.497042e-01
6.36496 6.350651e+00
6.38825 6.466085e+00
0.485975 7.715059e-01
-0.519805 -6.777749e-01
0.485975 7.715059e-01
7.93396 7.914813e+00
-0.295987 -5.958343e-01
-0.519805 -6.777749e-01
-0.295987 -5.958343e-01
7.08079 6.559623e+00
