-1249.69 -1.122260e+03
-1249.69 -1.122260e+03
-1249.69 -1.122260e+03
-1019.59 -9.307917e+02
-1019.59 -9.307917e+02
-1019.59 -9.307917e+02
-1453.71 -1.482835e+03
-1453.71 -1.482835e+03
-1453.71 -1.482835e+03
-1518.03 -1.435579e+03
-1518.03 -1.435579e+03
-1518.03 -1.435579e+03
-1135.78 -1.003060e+03
-1135.78 -1.003060e+03
-1135.78 -1.003060e+03
-1122.12 -9.906742e+02
-1122.12 -9.906742e+02
-1122.12 -9.906742e+02
-868.934 -8.101369e+02
-868.934 -8.101369e+02
-868.934 -8.101369e+02
-884.545 -8.568233e+02
-884.545 -8.568233e+02
-884.545 -8.568233e+02
-923.264 -8.949456e+02
-923.264 -8.949456e+02
-923.264 -8.949456e+02
-1091.6 -9.980692e+02
-1091.6 -9.980692e+02
-1091.6 -9.980692e+02
-1290.79 -1.276870e+03
-1290.79 -1.276870e+03
-1290.79 -1.276870e+03
-1690.84 -1.543866e+03
-1690.84 -1.543866e+03
-1690.84 -1.543866e+03
-992.969 -9.385687e+02
-992.969 -9.385687e+02
-992.969 -9.385687e+02
-1371.37 -1.292644e+03
-1371.37 -1.292644e+03
-1371.37 -1.292644e+03
-974.972 -9.100356e+02
-974.972 -9.100356e+02
-974.972 -9.100356e+02
-1368.44 -1.396221e+03
-1368.44 -1.396221e+03
-1368.44 -1.396221e+03
-1536.93 -1.425767e+03
-1536.93 -1.425767e+03
-1536.93 -1.425767e+03
-1254.81 -1.224281e+03
-1254.81 -1.224281e+03
-1254.81 -1.224281e+03
-1118.32 -1.004258e+03
-1118.32 -1.004258e+03
-1118.32 -1.004258e+03
-1420.52 -1.315784e+03
-1420.52 -1.315784e+03
-1420.52 -1.315784e+03
-1265.21 -1.139714e+03
-1265.21 -1.139714e+03
-1265.21 -1.139714e+03
-1292.49 -1.161785e+03
-1292.49 -1.161785e+03
-1292.49 -1.161785e+03
-1300.56 -1.172900e+03
-1300.56 -1.172900e+03
-1300.56 -1.172900e+03
-1293.89 -1.173557e+03
-1293.89 -1.173557e+03
-1293.89 -1.173557e+03
-1270.01 -1.161803e+03
-1270.01 -1.161803e+03
-1270.01 -1.161803e+03
-1230.72 -1.139095e+03
-1230.72 -1.139095e+03
-1230.72 -1.139095e+03
-1174.81 -1.105551e+03
-1174.81 -1.105551e+03
-1174.81 -1.105551e+03
-1109.17 -1.068764e+03
-1109.17 -1.068764e+03
-1109.17 -1.068764e+03
-1049.56 -1.041633e+03
-1049.56 -1.041633e+03
-1049.56 -1.041633e+03
-997.728 -1.019970e+03
-997.728 -1.019970e+03
-997.728 -1.019970e+03
-946.207 -9.955250e+02
-946.207 -9.955250e+02
-946.207 -9.955250e+02
-891.518 -9.656851e+02
-891.518 -9.656851e+02
-891.518 -9.656851e+02
-828.83 -9.224320e+02
-828.83 -9.224320e+02
-828.83 -9.224320e+02
-780.021 -8.955749e+02
-780.021 -8.955749e+02
-780.021 -8.955749e+02
-790.099 -8.992373e+02
-790.099 -8.992373e+02
-790.099 -8.992373e+02
-796.085 -8.934103e+02
-796.085 -8.934103e+02
-796.085 -8.934103e+02
-802.462 -8.862216e+02
-802.462 -8.862216e+02
-802.462 -8.862216e+02
-808.575 -8.791158e+02
-808.575 -8.791158e+02
-808.575 -8.791158e+02
-809.735 -8.683048e+02
-809.735 -8.683048e+02
-809.735 -8.683048e+02
-794.331 -8.440802e+02
-794.331 -8.440802e+02
-794.331 -8.440802e+02
-789.027 -8.843711e+02
-789.027 -8.843711e+02
-789.027 -8.843711e+02
-788.883 -8.851837e+02
-788.883 -8.851837e+02
-788.883 -8.851837e+02
-779.868 -8.785654e+02
-779.868 -8.785654e+02
-779.868 -8.785654e+02
-769.827 -8.698338e+02
-769.827 -8.698338e+02
-769.827 -8.698338e+02
-779.419 -8.238538e+02
-779.419 -8.238538e+02
-779.419 -8.238538e+02
-776.037 -8.185115e+02
-776.037 -8.185115e+02
-776.037 -8.185115e+02
-744.376 -7.668023e+02
-744.376 -7.668023e+02
-744.376 -7.668023e+02
-736.456 -7.568833e+02
-736.456 -7.568833e+02
-736.456 -7.568833e+02
-740.774 -7.522462e+02
-740.774 -7.522462e+02
-740.774 -7.522462e+02
-738.234 -7.493217e+02
-738.234 -7.493217e+02
-738.234 -7.493217e+02
-723.845 -7.370781e+02
-723.845 -7.370781e+02
-723.845 -7.370781e+02
-328.769 -3.401147e+02
-328.769 -3.401147e+02
-328.769 -3.401147e+02
-650.943 -7.369170e+02
-650.943 -7.369170e+02
-650.943 -7.369170e+02
-696.965 -7.905322e+02
-696.965 -7.905322e+02
-696.965 -7.905322e+02
-752.201 -8.505138e+02
-752.201 -8.505138e+02
-752.201 -8.505138e+02
-818.668 -9.207905e+02
-818.668 -9.207905e+02
-818.668 -9.207905e+02
-694.462 -8.402316e+02
-694.462 -8.402316e+02
-694.462 -8.402316e+02
-613.12 -7.799918e+02
-613.12 -7.799918e+02
-613.12 -7.799918e+02
-335.255 -4.915754e+02
-335.255 -4.915754e+02
-335.255 -4.915754e+02
-245.589 -3.916238e+02
-245.589 -3.916238e+02
-245.589 -3.916238e+02
-1231.12 -1.115635e+03
-1231.12 -1.115635e+03
-1231.12 -1.115635e+03
-1006.05 -1.253908e+03
-1006.05 -1.253908e+03
-1006.05 -1.253908e+03
-372.811 -6.423502e+02
-372.811 -6.423502e+02
-372.811 -6.423502e+02
-762.312 -9.562204e+02
-762.312 -9.562204e+02
-762.312 -9.562204e+02
-536.117 -8.261908e+02
-536.117 -8.261908e+02
-536.117 -8.261908e+02
-208.9 -5.834745e+02
-208.9 -5.834745e+02
-208.9 -5.834745e+02
-805.198 -9.909127e+02
-805.198 -9.909127e+02
-805.198 -9.909127e+02
-77.6696 -4.347726e+02
-77.6696 -4.347726e+02
-77.6696 -4.347726e+02
-576.545 -7.878294e+02
-576.545 -7.878294e+02
-576.545 -7.878294e+02
-570.958 -7.471352e+02
-570.958 -7.471352e+02
-570.958 -7.471352e+02
-789.403 -9.612282e+02
-789.403 -9.612282e+02
-789.403 -9.612282e+02
-172.034 -4.291946e+02
-172.034 -4.291946e+02
-172.034 -4.291946e+02
-405.392 -8.804047e+02
-405.392 -8.804047e+02
-405.392 -8.804047e+02
-641.948 -7.305005e+02
-641.948 -7.305005e+02
-641.948 -7.305005e+02
79.6535 -1.997610e+02
79.6535 -1.997610e+02
79.6535 -1.997610e+02
124.743 -2.378088e+02
124.743 -2.378088e+02
124.743 -2.378088e+02
-124.905 -3.091264e+02
-124.905 -3.091264e+02
-124.905 -3.091264e+02
-599.518 -8.026630e+02
-599.518 -8.026630e+02
-599.518 -8.026630e+02
-778.121 -9.937351e+02
-778.121 -9.937351e+02
-778.121 -9.937351e+02
-613.469 -8.458114e+02
-613.469 -8.458114e+02
-613.469 -8.458114e+02
-105.542 -1.755981e+02
-105.542 -1.755981e+02
-105.542 -1.755981e+02
-421.302 -5.632347e+02
-421.302 -5.632347e+02
-421.302 -5.632347e+02
-190.476 -4.736116e+02
-190.476 -4.736116e+02
-190.476 -4.736116e+02
-237.241 -4.874615e+02
-237.241 -4.874615e+02
-237.241 -4.874615e+02
-275.663 -5.030906e+02
-275.663 -5.030906e+02
-275.663 -5.030906e+02
-126.34 -3.521031e+02
-126.34 -3.521031e+02
-126.34 -3.521031e+02
209.623 -5.455918e+01
209.623 -5.455918e+01
209.623 -5.455918e+01
-238.038 -5.448669e+02
-238.038 -5.448669e+02
-238.038 -5.448669e+02
-543.54 -7.965457e+02
-543.54 -7.965457e+02
-543.54 -7.965457e+02
-682.071 -9.007269e+02
-682.071 -9.007269e+02
-682.071 -9.007269e+02
-295.353 -6.264985e+02
-295.353 -6.264985e+02
-295.353 -6.264985e+02
-307.104 -4.559888e+02
-307.104 -4.559888e+02
-307.104 -4.559888e+02
-582.202 -8.307864e+02
-582.202 -8.307864e+02
-582.202 -8.307864e+02
-2.42976 -3.168213e+02
-2.42976 -3.168213e+02
-2.42976 -3.168213e+02
-109.093 -3.163560e+02
-109.093 -3.163560e+02
-109.093 -3.163560e+02
-253.974 -4.361639e+02
-253.974 -4.361639e+02
-253.974 -4.361639e+02
189.982 -1.040748e+02
189.982 -1.040748e+02
189.982 -1.040748e+02
-68.7725 -3.400368e+02
-68.7725 -3.400368e+02
-68.7725 -3.400368e+02
-636.897 -7.795684e+02
-636.897 -7.795684e+02
-636.897 -7.795684e+02
-707.308 -7.525899e+02
-707.308 -7.525899e+02
-707.308 -7.525899e+02
